Epoch 1 TL=1.365 VL=1.575 ACC=0.4260
Epoch 2 TL=0.767 VL=1.587 ACC=0.5663
Epoch 3 TL=0.476 VL=1.685 ACC=0.5851
Epoch 4 TL=0.355 VL=2.003 ACC=0.5823
Epoch 5 TL=0.217 VL=2.193 ACC=0.6059

===== FINAL TEST RESULTS =====
Overall Accuracy: 0.4927

Confusion Matrix:
368 34 230 0 0 0 0 0 0 0 0 0 0 33 0
1926 1616 507 27 1 0 0 0 0 0 0 0 0 190 0
87 10 271 19 2 0 0 0 0 0 0 0 0 16 0
12 34 102 1640 610 40 12 7 0 0 0 104 4 132 2
15 24 3 32 178 19 8 1 1 0 0 35 0 4 0
0 0 1 48 576 860 459 52 88 51 0 143 34 124 49
0 42 0 5 49 141 205 116 58 37 0 43 14 28 0
0 2 0 1 8 21 130 80 131 94 0 47 63 2 43
0 0 0 1 5 56 105 96 190 145 0 28 89 31 8
0 0 0 1 0 12 37 152 540 1556 0 219 230 197 46
0 0 0 0 0 0 0 0 0 0 0 0 0 0 0
0 9 0 16 19 26 1 7 18 93 0 789 325 151 104
0 0 0 0 0 2 0 0 0 3 0 93 965 272 136
0 0 0 0 0 2 0 0 0 0 0 3 88 406 234
0 0 0 0 0 9 0 0 0 82 0 4 71 307 1615

Per-class Accuracy:
tPB2: 0.5534
tPNa: 0.3787
tPNf: 0.6691
t2: 0.6076
t3: 0.5563
t4: 0.3461
t5: 0.2778
t6: 0.1286
t7: 0.2520
t8: 0.5204
t9: 0.0000
tM: 0.5064
tSB: 0.6560
tB: 0.5539
tEB: 0.7735
